10,156
10,116
10,302
10,238
10,212
10,288
10,102
11,4
11,12
8,6
8,12
8,5
8,11
8,9
8,10
8,2
8,3
2,2
2,1
2,3
82,22
82,18
82,17
82,14
82,12
76,12
76,11
76,10
76,9
76,8
76,4
48,6
48,5
28,25
28,24
28,23
28,22
28,21
28,20
28,19
28,18
28,17
28,16
28,15
28,14
28,13
28,12
28,11
28,10
28,9
28,8
28,7
28,6
28,5
28,4
27,26
27,25
27,24
27,23
27,22
27,21
27,20
27,19
27,17
27,16
26,31
26,30
26,29
26,28
26,27
26,26
26,25
26,24
26,15
26,10
26,8
20,3
20,2
20,1
19,3
19,2
19,1
18,3
18,1
14,113
14,112
14,111
14,110
14,109
14,108
14,107
14,106
14,105
14,104
14,86
14,3
14,1
13,10
13,9
13,7
13,3
13,1
12,3
12,2
12,1
11,29
11,27
11,24
11,22
11,21
11,20
11,19
11,18
11,15
11,10
11,8
11,7
11,3
11,2
11,1
10,289
10,261
10,234
10,225
10,223
10,200
10,195
10,171
